vesselCount = 4
UT = 1659418.7401320625
gameMode = CAREER
gameNull = False
gameCompatible = True
funds = 2316327.3397256238
science = 81
reputationPercent = 54
ongoingContracts = 5
saveMD5 = 8b9697259e7b826ef7697b921c7d2caf
