vesselCount = 6
UT = 4515031.6941705942
gameMode = CAREER
gameNull = False
gameCompatible = True
funds = 3415236.7142228535
science = 116
reputationPercent = 59
ongoingContracts = 7
saveMD5 = b2ee60b519a31b685d07713e1d635996
