vesselCount = 5
UT = 51297888.830717698
gameMode = CAREER
gameNull = False
gameCompatible = True
funds = 4636438.4809089666
science = 834
reputationPercent = 62
ongoingContracts = 7
saveMD5 = a3332e3ed44b7bbbf11f4e568b88e0cd
