vesselCount = 4
UT = 68560390.433332592
gameMode = CAREER
gameNull = False
gameCompatible = True
funds = 3199656.3961311346
science = 160
reputationPercent = 63
ongoingContracts = 4
saveMD5 = dfc445e5bec66f4fa46ebd9722daafc4
