vesselCount = 4
UT = 2189910.4568560282
gameMode = CAREER
gameNull = False
gameCompatible = True
funds = 2769176.2745236806
science = 35
reputationPercent = 56
ongoingContracts = 5
saveMD5 = cbb1843263de864cd1d8b4e8f13ac8b5
