vesselCount = 5
UT = 2875233.4585711695
gameMode = CAREER
gameNull = False
gameCompatible = True
funds = 3126165.368702834
science = 46
reputationPercent = 56
ongoingContracts = 6
saveMD5 = df2fa7dffe11b2b284459f0f5a2a92ea
