vesselCount = 5
UT = 4747952.5126947761
gameMode = CAREER
gameNull = False
gameCompatible = True
funds = 3660879.6168565205
science = 266
reputationPercent = 60
ongoingContracts = 5
saveMD5 = 39286f699c76650eae99e6efd8db59f5
