vesselCount = 4
UT = 68560224.653367177
gameMode = CAREER
gameNull = False
gameCompatible = True
funds = 4889656.3961311346
science = 1220
reputationPercent = 63
ongoingContracts = 4
saveMD5 = eec29c7708aae00a45851f9ad611bfb8
