vesselCount = 1
UT = 1106024.0638142098
gameMode = CAREER
gameNull = False
gameCompatible = True
funds = 973071.89451952698
science = 12
reputationPercent = 44
ongoingContracts = 6
saveMD5 = aaf939c3864b582e91a9d1d44b012802
