vesselCount = 5
UT = 691568.27406473598
gameMode = CAREER
gameNull = False
gameCompatible = True
funds = 1189677.761720066
science = 102
reputationPercent = 37
ongoingContracts = 5
saveMD5 = 9905aaf15b543dfe57f81577eaace7da
