vesselCount = 2
UT = 383103.44535780785
gameMode = CAREER
gameNull = False
gameCompatible = True
funds = 760724.53210167401
science = 26
reputationPercent = 22
ongoingContracts = 4
saveMD5 = 31a4d1a51fa1f3cf1769fa3f7072714a
