vesselCount = 6
UT = 3990732.0891708075
gameMode = CAREER
gameNull = False
gameCompatible = True
funds = 3220613.8254289082
science = 77
reputationPercent = 57
ongoingContracts = 6
saveMD5 = f0b7e092806ee9353c2c9fe4f4fec3fe
