vesselCount = 6
UT = 7446532.4579847623
gameMode = CAREER
gameNull = False
gameCompatible = True
funds = 3812716.3432777887
science = 498
reputationPercent = 61
ongoingContracts = 4
saveMD5 = 4018effa2a54724eba45ce9b29471a79
