vesselCount = 4
UT = 68559945.493425414
gameMode = CAREER
gameNull = False
gameCompatible = True
funds = 4889656.3961311346
science = 1220
reputationPercent = 63
ongoingContracts = 4
saveMD5 = 7cb5f7a8416aaf1e85ffd05fedd1f135
