vesselCount = 5
UT = 4735368.4635953326
gameMode = CAREER
gameNull = False
gameCompatible = True
funds = 3660890.3164910725
science = 95
reputationPercent = 60
ongoingContracts = 5
saveMD5 = 6d5006fe4147e0fec5e3b59ef3d35112
