vesselCount = 6
UT = 51295888.161959477
gameMode = CAREER
gameNull = False
gameCompatible = True
funds = 4529810.8648200994
science = 524
reputationPercent = 62
ongoingContracts = 7
saveMD5 = 1b26d721351af32069b46211ea651427
