vesselCount = 4
UT = 1601245.3451604596
gameMode = CAREER
gameNull = False
gameCompatible = True
funds = 1895406.2932831601
science = 22
reputationPercent = 52
ongoingContracts = 6
saveMD5 = 3ec86714f467cf453b2e7b3fa5bb4173
