vesselCount = 0
UT = 33116.822992704547
gameMode = CAREER
gameNull = False
gameCompatible = True
funds = 37197.30567125784
science = 124
reputationPercent = 10
ongoingContracts = 2
saveMD5 = dcae8043a8dcd84eef3de6a01dc1b13e
