vesselCount = 6
UT = 573779.02061018883
gameMode = CAREER
gameNull = False
gameCompatible = True
funds = 868560.60512054432
science = 87
reputationPercent = 34
ongoingContracts = 7
saveMD5 = deea5116f2f65f9a5ef9aa9498a96789
