vesselCount = 4
UT = 1659418.240132062
gameMode = CAREER
gameNull = False
gameCompatible = True
funds = 2316327.3397256238
science = 81
reputationPercent = 54
ongoingContracts = 5
saveMD5 = 668b5d6764fc30b7abe625d7efe69cf2
