vesselCount = 4
UT = 867783.62196467665
gameMode = CAREER
gameNull = False
gameCompatible = True
funds = 1240815.1713346289
science = 102
reputationPercent = 39
ongoingContracts = 4
saveMD5 = 3a53bd62610dddd84d22cdea5d1a5367
