vesselCount = 5
UT = 2875069.8785710172
gameMode = CAREER
gameNull = False
gameCompatible = True
funds = 3054865.368702834
science = 46
reputationPercent = 57
ongoingContracts = 4
saveMD5 = 2f12a5a586c424df359ae7b37821dfb9
