vesselCount = 3
UT = 926147.69758898171
gameMode = CAREER
gameNull = False
gameCompatible = True
funds = 1641729.0501332474
science = 102
reputationPercent = 41
ongoingContracts = 7
saveMD5 = 6f2de2902183fd60c2ee046b967802fd
