vesselCount = 5
UT = 506617.14887542382
gameMode = CAREER
gameNull = False
gameCompatible = True
funds = 510208.43341650954
science = 70
reputationPercent = 29
ongoingContracts = 9
saveMD5 = 888e717d0b8bddfb7f59f11279d614d7
