vesselCount = 2
UT = 1110596.3966602143
gameMode = CAREER
gameNull = False
gameCompatible = True
funds = 1249244.6194259715
science = 8
reputationPercent = 46
ongoingContracts = 8
saveMD5 = aa9c95b8b88905a7b43488806c68c2ac
