vesselCount = 1
UT = 35060.546996520286
gameMode = CAREER
gameNull = False
gameCompatible = True
funds = 27802.30567125784
science = 124
reputationPercent = 10
ongoingContracts = 2
saveMD5 = 9475d90ea21803a8e76ad4af7e0b0a3e
